1 1
2 1
3 2
4 1
5 1
6 2
7 2
8 2
9 2
10 2
11 3
12 3
13 3
14 1
15 2
16 2
17 4
18 2
19 2
20 2
21 2
22 2
23 1
24 2
25 1
26 2
27 2
28 2
29 5
30 2
31 6
32 2
33 2
34 2
35 2
36 2
37 1
38 6
39 2
40 2
41 2
42 2
43 2
44 6
45 6
46 2
47 2
48 6
49 1
50 5
51 2
52 2
53 2
54 2
55 2
56 2
57 6
58 2
59 1
60 2
61 2
62 2
63 2
64 2
65 2
66 2
67 2
68 2
69 1
70 2
71 2
72 4
73 7
74 2
75 2
76 5
77 8
78 8
79 9
80 4
81 4
82 4
83 4
84 8
85 8
86 4
87 8
88 4
89 4
90 1
91 4
92 4
93 4
94 4
95 5
96 5
97 9
98 5
99 5
100 5
101 4
102 2
103 4
104 4
105 4
106 4
107 4
108 1
109 4
110 4
111 4
112 7
113 2
114 2
115 7
116 4
117 2
118 4
119 8
120 8
121 4
122 8
123 8
124 8
125 8
126 8
127 2
128 8
129 8
130 2
131 2
132 8
133 2
134 4
135 6
136 2
137 5
138 5
139 5
140 2
141 2
142 8
143 8
144 8
145 8
146 4
147 4
148 4
149 3
150 5
151 1
152 8
153 6
154 5
155 1
156 1
157 5
158 8
159 5
160 5
161 4
162 5
163 1
164 5
165 1
166 7
167 7
168 1
169 4
170 1
171 4
172 1
173 5
174 5
175 6
176 1
177 5
178 1
179 4
180 5
181 5
182 4
183 8
184 5
185 1
186 1
187 1
188 5
189 8
190 8
191 8
192 4
193 1
194 7
195 4
196 8
197 8
198 2
199 4
200 4
201 1
202 1
203 1
204 8
205 8
206 8
207 8
208 8
209 8
210 8
211 8
212 8
213 5
214 5
215 5
216 7
217 5
218 5
219 5
220 5
221 5
222 5
223 5
224 1
225 5
226 6
227 1
228 6
229 6
230 6
231 6
232 7
233 7
234 7
235 6
236 6
237 4
238 6
239 6
240 6
241 6
242 6
243 6
244 2
245 5
246 6
247 6
248 2
249 4
250 8
251 8
252 8
253 6
254 6
255 6
256 6
257 8
258 8
259 6
260 8
261 6
262 6
263 1
264 6
265 6
266 6
267 6
268 6
269 1
270 6
271 6
272 6
273 6
274 1
275 1
276 4
277 8
278 7
279 1
280 4
281 8
282 8
283 8
284 6
285 8
286 5
287 8
288 6
289 8
290 6
291 6
292 2
293 8
294 8
295 8
296 1
297 1
298 8
299 6
300 8
301 7
302 7
303 2
304 6
305 2
306 6
307 8
308 5
309 6
310 2
311 1
312 6
313 1
314 4
315 2
316 6
317 2
318 1
319 1
320 8
321 8
322 7
323 2
324 5
325 4
326 6
327 6
328 6
329 6
330 1
331 7
332 6
333 6
334 6
335 6
336 6
337 6
338 6
339 2
340 6
341 6
342 6
343 2
344 4
345 4
346 4
347 1
348 6
349 6
350 6
351 6
352 6
353 6
354 6
355 6
356 6
357 6
358 4
359 5
360 6
361 7
362 1
363 6
364 6
365 4
366 6
367 1
368 6
369 6
370 4
371 4
372 6
373 7
374 6
375 7
376 2
377 8
378 2
379 5
380 1
381 6
382 8
383 8
384 8
385 8
386 8
387 2
388 2
389 4
390 5
391 2
392 8
393 4
394 4
395 4
396 9
397 5
398 1
399 9
400 4
401 4
402 9
403 5
404 2
405 4
406 6
407 4
408 4
409 4
410 2
411 2
412 2
413 2
414 5
415 6
416 4
417 4
418 6
419 2
420 4
421 4
422 2
423 4
424 4
425 2
426 5
427 9
428 1
429 5
430 2
431 2
432 5
433 2
434 2
435 2
436 2
437 2
438 2
439 5
440 2
441 2
442 3
443 3
444 3
445 4
446 2
447 1
448 2
449 1
450 1
451 5
452 5
453 5
454 5
455 5
456 5
457 4
458 4
459 4
460 2
461 5
462 4
463 4
464 4
465 1
466 5
467 5
468 4
469 5
470 4
471 4
472 5
473 5
474 5
475 5
476 5
477 5
478 5
479 5
480 5
481 5
482 5
483 5
484 5
485 5
486 5
487 5
488 5
489 8
490 1
491 5
492 4
493 5
494 1
495 5
496 5
497 2
498 5
499 5
500 2
501 5
502 7
503 5
504 5
505 5
506 5
507 5
508 5
509 5
510 5
511 5
512 5
513 5
514 5
515 5
516 5
517 5
518 5
519 5
520 5
521 5
522 5
523 5
524 5
525 5
526 5
527 5
